0.4446291923522949
0.4268040657043457
0.41628408432006836
0.4668610095977783
0.5703701972961426
0.42610907554626465
0.4736461639404297
0.4181981086730957
0.4770238399505615
0.5151267051696777
0.5272612571716309
0.4230329990386963
0.41860413551330566
0.40322303771972656
0.4231691360473633
0.41045498847961426
0.48508596420288086
0.4788999557495117
0.4016242027282715
0.45985889434814453
0.5016078948974609
0.42877697944641113
0.51068115234375
0.4123811721801758
0.5279040336608887
0.4651799201965332
0.4802708625793457
0.41040992736816406
0.45511817932128906
0.5074632167816162
0.4243810176849365
0.5708091259002686
0.4409468173980713
0.48368215560913086
0.6524038314819336
0.4484589099884033
0.4201791286468506
0.5497820377349854
0.42731595039367676
0.4898998737335205
0.4198310375213623
0.4291257858276367
0.4541800022125244
0.4644789695739746
0.41609978675842285
0.4003262519836426
0.4324629306793213
0.4126451015472412
0.40632104873657227
0.4353158473968506
0.4336528778076172
0.4056050777435303
0.4358038902282715
0.4075751304626465
0.4210827350616455
0.4030730724334717
0.40961408615112305
0.4431891441345215
0.42211318016052246
0.4245297908782959
0.4097170829772949
0.4204549789428711
0.43572497367858887
0.41426992416381836
0.39647912979125977
0.40950798988342285
0.42537593841552734
0.3922750949859619
0.4494049549102783
0.428757905960083
0.42091894149780273
0.42805910110473633
0.41572117805480957
0.40888190269470215
0.44988417625427246
0.48773884773254395
0.467803955078125
0.4879438877105713
0.4610011577606201
0.46565890312194824
0.4198729991912842
0.4950437545776367
0.44220590591430664
0.4707357883453369
0.427685022354126
0.5279192924499512
0.549837589263916
0.52445387840271
0.494920015335083
0.4317328929901123
0.3980438709259033
0.44513988494873047
0.5568389892578125
0.4295058250427246
0.4600870609283447
0.465008020401001
0.48364901542663574
0.4658217430114746
0.4855842590332031
0.42142176628112793

