5946.084799710571
5558.698865731237
6945.495227263846
6730.285775719935
6873.465299545997
6063.060510566943
7425.265884562302
5908.206868039185
6405.300284338679
6318.42810589846
6086.4789108053
6646.341386116524
6290.407389088239
5895.538185390977
5382.719002649585
5764.7411160494075
4022.697726343068
4436.702814605701
3353.101930108321
6019.306595714605
5147.695253982424
5136.681674716082
5814.74489690528
6785.029950484519
7337.956459015568
6315.483573027763
5339.575711452623
3648.0120123442425
4031.633630461331
4261.900295832074
5838.82557069896
4702.215710899045
5883.844714231265
5928.557717831849
5681.647346988979
4404.647963496789
4059.2306641132336
5533.837411702835
6986.674475716736
6116.881427437227
6972.7181006721685
6500.32274537366
6521.005163254296
6965.87417460623
6519.836415885672
5422.4197054601
6552.603799453615
7383.500884758841
6566.657387799552
6366.643513233887
6658.131626198246
6825.058156866676
5589.097332925219
5984.038299634777
4464.7903771048
5064.670698306369
5842.72236083481
6572.310546587316
5830.764660342261
4224.647956411723
6041.726085631299
3886.1645705691717
3868.261042028829
5539.368465316545
6302.694649965085
4970.950373505357
7030.371214912291
6897.52118359068
7004.418609428092
6975.382874031953
6256.490974539687
5434.156888311683
5813.135514408574
6104.297920541308
5885.860196675081
5907.190870967233
5394.78223200204
4578.341712524994
5020.395524391621
5942.921203058187
5047.809909935498
6429.933293893953
6103.9621215042835
6584.786164599245
7166.311822686106
3973.962483927415
7744.356529206608
6513.723797129448
6101.467882915004
5423.413924802071
6627.523814851087
7369.598830507998
6503.22641464382
6737.936249349187
6631.198491978081
4869.4639403669735
4030.9660316257014
3937.268482816815
5872.014208292436
4179.723452707575
