1752684742.5453713 1752684744.1258152 36001
1752684742.5428152 1752684744.223183 36001
1752684742.579868 1752684744.2997105 36001
1752684742.523928 1752684744.4373643 36001
1752684742.5571496 1752684744.6449263 36001
1752684742.5513778 1752684744.7508442 36001
1752684742.532057 1752684744.8177178 36001
1752684742.5539677 1752684744.9230688 36001
1752684742.5638366 1752684745.1772828 36001
1752684742.5155137 1752684745.3049345 36001
1752684744.3828173 1752684746.4036114 36001
1752684744.2146807 1752684746.5655804 36001
1752684744.5205615 1752684746.6339812 36001
1752684744.9922547 1752684746.8967648 36001
1752684744.724398 1752684747.1177049 36001
1752684744.9043112 1752684747.1894655 36001
1752684744.389521 1752684747.2697277 36001
1752684744.8962672 1752684747.5183332 36001
1752684745.3808923 1752684747.7070587 36001
1752684745.2835248 1752684748.0226023 36001
1752684746.4704669 1752684748.98939 36001
1752684746.7035995 1752684749.0558689 36001
1752684746.9764647 1752684749.3753278 36001
1752684746.6320944 1752684749.4600167 36001
1752684747.1713917 1752684749.6615403 36001
1752684747.371176 1752684749.8063023 36001
1752684747.3649852 1752684749.974798 36001
1752684747.5800786 1752684750.415224 36001
1752684748.1157124 1752684750.5084298 36001
1752684747.7904565 1752684750.5925176 36001
1752684749.1432405 1752684751.4225137 36001
1752684749.7299325 1752684751.6759934 36001
1752684749.4461386 1752684751.8801694 36001
1752684749.8800824 1752684752.0624564 36001
1752684749.1532972 1752684752.1230636 36001
1752684750.0580113 1752684752.3443096 36001
1752684749.52546 1752684752.4284346 36001
1752684750.5905402 1752684752.6823108 36001
1752684750.491227 1752684752.7613888 36001
1752684750.6675653 1752684752.875227 36000
1752684751.4884906 1752684753.7020085 36001
1752684751.9464989 1752684753.8802588 36001
1752684752.108782 1752684754.1110492 36001
1752684751.740587 1752684754.2456279 36001
1752684752.4957712 1752684754.4489145 36001
1752684752.1925974 1752684754.5997279 36001
1752684752.8245351 1752684754.89504 36000
1752684752.4143057 1752684754.9769752 36001
1752684752.9412212 1752684755.2858665 36001
1752684752.7521863 1752684755.376232 36000
1752684753.768407 1752684755.9372716 36001
1752684753.9464762 1752684756.1644897 36001
1752684754.1779113 1752684756.3471222 36001
1752684754.3290992 1752684756.5475793 36001
1752684754.5241878 1752684756.7184973 36001
1752684754.6617599 1752684756.9101033 36001
1752684754.963706 1752684757.2031395 36001
1752684755.3633647 1752684757.4860837 36001
1752684755.4469788 1752684757.763349 36001
1752684755.0450826 1752684757.964225 36001
1752684756.0061002 1752684758.3379428 36001
1752684756.413137 1752684758.8316848 36001
1752684756.7889063 1752684758.9372537 36001
1752684756.614003 1752684759.177312 36001
1752684756.2319055 1752684759.3354125 36001
1752684756.9770634 1752684759.5717845 36001
1752684757.2749681 1752684759.9339435 36001
1752684757.8779314 1752684760.1913624 36001
1752684758.0343082 1752684760.4083707 36000
1752684757.5627606 1752684760.5471988 36001
1752684758.4332352 1752684760.6959286 36001
1752684758.9242122 1752684761.104109 36001
1752684759.3795836 1752684761.3522444 36001
1752684759.006036 1752684761.512162 36001
1752684759.2429185 1752684761.7362587 36001
1752684759.6375084 1752684762.0923314 36001
1752684760.6171184 1752684762.4663882 36001
1752684760.2415583 1752684762.7267303 36001
1752684760.007439 1752684762.8530583 36001
1752684760.7658916 1752684762.9806275 36001
1752684761.175008 1752684763.1463587 36001
1752684760.477514 1752684763.3374174 36001
1752684761.5786324 1752684763.7903821 36001
1752684761.4210994 1752684764.0768356 36001
1752684761.8029408 1752684764.3607552 36001
1752684762.17153 1752684764.570043 36001
1752684763.0468872 1752684764.9025826 36001
1752684762.9182403 1752684765.2757318 36001
1752684762.7976673 1752684765.3561366 36001
1752684763.211918 1752684765.6224666 36001
1752684762.5696626 1752684765.7107449 36001
1752684763.4059608 1752684765.9682407 36001
1752684763.8606896 1752684766.4033124 36001
1752684764.1479332 1752684766.5395343 36001
1752684764.6609898 1752684766.8104289 36001
1752684764.4665291 1752684766.9595144 36001
1752684765.3491864 1752684767.087216 36001
1752684765.4329364 1752684767.2866137 36001
1752684766.038614 1752684767.5017178 36000
1752684765.7940621 1752684767.541085 36001
