

13433.809493306002
5464.0297751103735
13515.668854667143
11753.590413979986
12820.579910378598
13591.65764726469
13306.21101854613
11014.743034218336
13244.989279094076
13311.405276570895
10989.087688869442
11943.08510183917
10686.451560302481
12052.286004097596
12638.813471986598
8844.245858118551
12625.611819172442
12007.878704594385
12659.642090711804
10409.122833141
14418.271445366481
10394.341764184002
11749.11271775881
11945.091874280897
10517.575666390832
11706.025347261955
13450.654044364059
10791.427174724058
9095.018052107163
9181.022009653165
10064.437485752678
10422.003394235762
11702.563272685675
12739.583396611528
13603.383409875198
12668.972329031109
12749.806973280238
6964.216748441301
13245.616694457076
12241.81821896498
13356.635161643697
13601.57473676018
10484.292199092128
13813.00119545923
14576.005893923282
7431.004211305859
13762.962136549928
10776.731757451182
11048.603482929117
14748.008073193201
9850.454910544437
13986.747899972323
14605.648222307344
13187.727561421932
14136.419707315757
14191.472876085683
11226.573520161668
9937.743153784551
9783.97960302409
9750.023245866885
9825.740449646144
10610.164174951304
10578.266944429031
14163.43842018532
13430.798296455217
10771.05840962494
10959.598229450283
10708.360034211164
11682.907535124174
10809.448948770945
15315.224654483049
14823.42879155755
14473.448288951078
14629.69396368304
14080.279302415362
7009.303281633581
11463.574222219793
15328.20968231171
14646.296962353295
13088.058714130584
11754.051547056235
6696.133478719685
14450.958503879494
14031.104375955494
10300.125979533852
9899.93155049921
10258.734211890855
11466.143975243234
12955.819348302182
13619.550464018288
12795.626494850392
10138.662876425571
12911.152222964425
13582.81060250328
13066.286191363293
13251.51730565692
13189.178990663844
13193.535195938422
14163.581904076884
13157.692645527211
9991.291008013415
14070.596128685967
8543.153649519814
13986.468055875124
14174.87842053147
13927.67035587035
10455.15254093641
14333.963289395891
14323.292274383519
14377.69390826229
14400.10437087366
10949.298554296127
11528.07049368668
10822.697634093412
10549.186986757883
10856.285007299119
12275.209327780525
14109.883603579357
12723.506749582892
14990.900318095715
15925.882049179083
14128.467438499809
15402.680768242077
15099.645396453965
14340.726557825456
8917.505235518609
11029.254067301446
12550.431483321165
12960.903798375834
9925.20900823728
10086.049844656272
13542.419506903097
13253.778506672228
12866.23945912949
13724.771843024075
9193.861558459208
10018.353707764258
10220.238211271175
10025.849231144331
9854.551349674946
12675.825803136993
9836.27102426761
9832.696856531331
10563.667044452839
14266.388661185922
10087.311207311208
15111.83169939939
13214.818175516866
14246.424216486477
13512.446722486575
13324.514503734343
13334.723723532778
14192.721427967177
13139.92662976225
13404.100833461165
14842.260219680671
11299.706078068466
14330.045474268261
13311.870001269519
12887.745852652797
6027.138839752092
10083.503823712546
11355.383669900126
12372.140219225279
13002.690872115372
10641.471329224883
13676.70661123339
13508.225442834138
13959.004636023868
14930.333718964137
13678.669149564133
14540.432229302012
13739.248359697194
12558.172400371268
12327.957510720784
10213.74250279433
12533.891948589067
13339.855415862274
13246.453340744578
13859.007867407257
14821.857297839784
14670.733413548984
13371.11232960559
14970.46100252702
14407.67254290386
11963.729195487542
9631.560939204317
11597.56009887904
10317.507250512272
10797.761313143275
11398.401513154498
10509.248169659188
12947.78045317034
13809.908566198139
15671.966252041057
14595.280018373269
13664.98771738918
11485.831334275355
11048.166937977758
14037.302918034653
11783.540199917965
13104.046838729431
11667.340767919086
13308.237563696592
14419.36193619362
10670.11287520129
14626.581903270691
9930.449276460338
13225.860769592186
14386.422725744822
14523.515031475723
13938.315626464264
13866.88883819499
15242.314890524212
14815.260661163447
14078.29434727299
15478.564443214318
9371.53173443442
14243.279588149799
14695.920898649643
10724.267713958436
12977.626510311113
14410.593114063568
14768.00005633545
15115.643954000454
14722.073436551198
13211.862725024806
8153.87426758477
13283.707260220175
16340.531632649087
10656.69336151876
14455.939119885299
11895.157768160496
14660.93880532845
14123.091635183277
10160.349409293842
13065.716350586887
8828.162195725155
9128.649345109323
15263.170535555078
14950.716826714004
8969.797028676036
15135.17102514046
14266.922459420113
15875.308001801644
15798.58824947455
15856.642748587976
15068.345116974191
6739.483375860451
13221.608228704004
14900.524713397066
14617.508372918097
14328.87054732045
14449.813447618917
11470.220335877528
11638.139475517006
9139.7491436192
13684.38155580859
9358.358545967318
14349.705089431116
14103.952788472856
10459.454472002913
10545.341177653743
14309.853773037741
12411.129555817924
13470.438801301341
13947.863910106978
14104.948816938164
14249.03773309281
12287.184054183901
15745.862036602533
14458.879294000035
14783.772161714427
13612.522353231361
13773.990259729597
14727.24272206012
13526.783928997595
11768.628804395099
10597.350096516317
16187.661372802531
16109.570941884538
11465.266369076093
14496.40899444932
12465.758798808794
14428.985228046758
13472.602233707332
14231.77724845104
14511.806855414892
14038.994380123242
10692.117874987254
13143.797260497196
8335.72615328357
13828.849888394698
14036.64523729046
15270.172168360195
15622.75676601831
13480.223047132366
15387.141625547994
13156.083071161283
13859.923799075412
14135.276315523412
14568.968331984452
13893.668470879737
14052.7761770106
13870.144643813781
13905.045435106204
14027.678744623781
12117.502946818591
14378.236068451075
9084.557804269476
13841.810855496557
9104.612973458743
7773.621273788078
12823.166854179915
12632.076039947475
11465.109667825669
14139.660322147833
13652.26674999349
14066.254837649489
14244.198643605008
12449.515442038557
12509.48134450774
9731.021938453543
13837.061767413014
15338.411634991278
14094.521210817786
11894.651764926082
13587.254692349057
13051.486467143382
12026.88505035212
13870.92442977568
11772.36137463372
8887.36703818282
11088.38606147607
10339.71157401701
11374.476266925562
11700.702437609145
12005.404043873508
8946.493437793955
12791.91916727409
9640.238759041378
12291.144804627747
14046.328762076992
13116.34044975092
13892.195894249431
13872.62191411108
13555.330762941107
12810.6338269071
12879.158401552511
12515.11760791791
11836.680325555668
13444.359323663755
11830.804120454468
9339.749399328852
9425.444608739814
9710.47562601867
13016.612512297232
13530.187486290146
9432.566758571678
11931.703487082037
14006.177766053008
12369.768518655055
12677.856467081978
8216.891403450687
12613.120423414077
11946.11252570478
12889.330043114973
13741.589046840549
11233.699727882411
13787.301743832488
10363.1381676315
14147.959252512986
10932.631304574483
12509.81713845998
8072.458245281784
13665.165801116853
14382.525503643377
13836.60529606012
13803.18233426028
14144.953342573763
12864.73985602596
14439.963506790835
9227.35622625404
9100.10913264498
13540.58329405536
13584.130325652195
11490.771612125529
13082.139526469608
6717.95906730606
12357.341095640184
8007.988315370443
8919.79992514206
8984.534183310627
9025.307330970656
12081.447364251993
9885.954429854644
10037.822184994615
13934.518489971793
13512.8820559742
7037.847923700089
12315.433108320389
11641.757406024743
13410.400780138443
13408.000102294922
13445.436768712934
14865.616626734905
14676.482938163088
14706.948301495133
14359.432237567358
14437.726756393928
13721.314585936836
9727.41103565995
14573.87871964864
14500.46844803684
10885.474628353128
14843.415790777506
14507.54033039099
14491.650802096541
15574.780635794148
14274.982812723349
14395.112743247417
14802.659627031071
14854.665741121138
14574.435776708307
14761.762977197299
15035.718894736088
11875.791732850861
15625.84149526304
13368.214385884392
14126.23098788883
13757.815703241085
14868.936668025595
15268.671277757554
15113.247455184217
15575.879561203497
14519.241620193921
14692.471792428705
15047.208360389319
12590.025364330846
8399.846995279684
10380.887088191545
10565.955603026974
9001.888671405515
10502.537804142117
11397.503274438726
15158.637339443572
12796.680548563758
14177.561595586818
13056.321148524345
15562.587194633263
12053.186506237374
11569.855456250689
10826.524870292455
14522.15732235537
9834.841045409568
12508.809810681523
12680.117782923895
14435.490698834989
13752.988779371357
14670.836044128244
14427.992542293588
14416.487361568445
13131.945509820067
14572.815365318935
14906.720688061983
13505.267767445455
6631.16389518651
10644.333965247271
10613.708252989793
6090.53827801568
10408.11545867826
10450.020928424787
10915.389740173217
15158.363420178606
10613.708252989793
10335.151011879387
10549.213519318702
10226.442972329163
13906.751281490177
14176.36362407306
10083.14021136038
10220.761213633517
12077.342371007266
14545.424280150784
14168.462086740916
14857.191436303612
14383.955884168507
14633.675249459215
11281.348929909545
15524.282229797504
15044.995408631772
13265.641505734111
12376.594175101065
7553.833824098838
10176.990119766291
10236.776015366255
11091.054287754185
11015.986993988134
11787.44786807109
6215.864867348178
13244.4873895978
9413.915155215098
13562.782335384525
12071.468041996684
12912.50365581467
12290.316436594007
11711.582010035378
12362.768186895944
10055.992040182693
13147.175630902713
12379.224244284542
11359.812362718465
10941.615036456364
11457.436550233968
13221.649907007533
12601.56231222209
11501.106428252173
12901.938226527342
9990.767427790137
9954.158182275572
10782.466522533825
11458.375563793721
13921.799280394058
12994.231400759645
11311.316429615486
12073.205413838563
10573.013796354415
11860.947958701781
13304.5649050128
5982.2399968051395
13633.451216975245
9894.326625934751
9925.42039178195
6455.287981321961
13708.533384755674
11550.61081063218
11495.180541281261
9692.546246548118
10259.2360676268
12611.375875350666
11632.620006434365
12965.070415569322
14639.395758582657
12525.881660798384
10379.037546428845
13125.082925485975
13516.278620111822
14935.012124470779
13973.002145436616
13183.665258499295
13155.175279848698
14330.290274968567
11247.37607062218
10455.178602587432
12711.591440148624
14751.794601248572
12668.015729671935
14143.093181189768
13887.73405294439
6243.391252443067
11431.767325612771
13823.061813675731
10978.761275056408
13130.465543635128
13261.111778580145
12024.230192562947
13048.563019929194
9503.803285077573
9580.039148776772
8812.340584673437
9590.773037109531
10840.740032359616
12422.745541730468
9280.419159556766
10010.654344795983
9307.748127600555
9371.78301224902
13030.563995501458
11643.599538065204
14519.34214215739
10130.655208310689
10468.8528027236
10802.043843744848
10788.124149602998
13850.358286827593
14494.45525325445
9168.639143797736
14476.995188491037
14454.693644048813
8109.887390174484
9426.694445755486
15382.457787492482
15742.90700947734
15318.580741768777
14869.990959530605
15591.280816010943
14391.210812183264
8122.7031884237595
14800.100212775718
15290.212275757984
15726.792101928024
14630.76563519222
14424.916084300887
14201.034697581192
15190.424279738514
15310.752158279947
14719.645125743124
12838.474676918744
13929.335498633403
13947.307340593565
14248.456868759959
6515.3528427652045
14849.301489070942
14894.598347295267
15215.221373768885
13617.162744792478
14406.03951928394
13475.199270065958
12203.38667442537
14952.155856193074
7255.677493461022
13559.055525383403
11524.111232309133
11124.560049438905
13885.159449268549
12105.50711587138
14830.60951720919
14835.383042766241
15646.534808591914
12748.954381869467
14478.394443792415
14309.658489986694
14705.556081467223
15298.46625207448
14422.188066280865
14446.478882941716
14982.172007444107
11255.344156715417
11396.233592270468
13262.285855219472
14524.470608605316
14743.808857595815
14857.559838611978
13582.370751768916
13628.179759363415
13980.221120803155
13389.680413983764
13959.655061089867
12487.767697909627
6259.305079459357
11811.181229636764
14443.295064015592
14163.055810686694
13062.949259383837
13389.894140031412
11346.199001260597
10898.712205465072
13143.838449678478
15025.861667484658
13558.748702896139
13752.582930851884
14020.832497626592
12834.97813560515
14054.942329989075
13450.136447740997
14721.608378845101
14095.326430686198
15188.93902412527
13219.816310192451
12400.268446058011
13721.898156478497
12591.537202984044
13928.410370168664
9146.844850747571
12344.938618255881
12626.600036124992
13893.760517284785
12470.725354709037
14610.532475946968
14624.133999518841
13915.656135019193
7827.93965047442
15058.769463861932
14313.223244846215
15577.210046832231
13751.726218188733
12263.401341449866
15167.243443011243
6778.749820199986
14722.280138296566
11210.520126155985
13431.099355392384
16109.323449772435
14932.832048077813
14815.679320661677
14882.073262464695
13963.140513476084
14702.87551135587
14685.064264382023
13279.753800951108
14886.034617991843
13646.75872301105
15267.893154335054
14253.056675071532
16095.599550246176
9570.923296686246
14877.269647816633
12876.034935302154
14054.659750425562
15214.117561709923
15620.022270139021
14829.71810020825
15345.538628148279
14657.045110653718
14454.245325283102
13100.322330776342
15242.370282076068
14528.898079927396
14380.602336935652
14818.820021269154
15577.96216099775
15700.359727041667
15252.236396165763
15288.373076334265
14624.949876390821
16054.690699748518
15425.16907981597
13658.001595597454
11355.291442185342
12035.789099131673
14780.59421152972
14866.986622808572
13059.695358134784
10875.398333804376
11251.449250091877
10838.75102397325
7213.53721478582
13180.599463261035
11589.612657570282
14096.60549842038
13186.027721975435
14441.107002430777
11157.408072440752
14606.258575418411
14175.30957659655
14548.905615872905
14838.637095319127
13729.803691785955
10835.027098520819
11807.158098605427
14314.835292350957
15599.050884774733
9716.27926371045
12795.509388489758
14762.438406307194
9682.142197599262
15188.93902412527
12964.429223179734
15366.396412569196
16295.077254202652
15340.88007988091
15793.353265003352
16257.307312157212
16162.086969924667
15798.945306614434
7814.929644645838
6989.038968483285
14835.540464063384
13949.673067840917
14617.508372918097
12362.98682732865
12595.545331967964
13178.238944309167
15099.5366787027
8809.675237659158
13907.719650773755
14468.30587521042
13214.568367989918
13370.856578150404
11062.27021210379
14008.048867647894
14695.045598988168
15500.30118812247
12782.523893114882
11380.30920506406
11913.301085866691
13246.78802885405
15653.425291474465
13874.732879476544
14848.618088228526
15166.201420327166
14879.011259551462
13528.660037222084
14208.0581018001
13572.130288184624
13528.005521761286
6274.295800984308
13714.36045161902
13361.01758085633
13168.10247394198
11550.897098715282
15284.64030494182
14402.67566797268
14239.79792767223
14965.920565766422
14272.74830876448
13642.7193687203
11456.779332309929
16656.48976220355
15401.266822112471
14551.732273083675
11708.018601950636
13546.399677028663
12082.665483646086
15354.751793820471
11906.672533462024
14385.929289741936
13696.894093520083
15717.421690268571
14428.09180472233
15450.283824054872
14277.169417619487
15775.710777030967
15635.452701896696
14508.493806491337
14935.650316033116
7106.340008810274
8380.864081588612
11160.584757353372
14845.674926644178
14132.371027032856
12669.04886322104
14802.607385238698
14018.395721925133
6615.924072236743
14229.411425450277
14919.49958915658
11374.9698289539
15127.201382051366
14719.128567217394
11645.700926535224
14855.560159949564
14546.18095053131
13968.023071876489
15236.113583278542
13553.228271652411
13940.353967594516
15272.952374710057
15028.661313497225
14349.754183330995
14828.931644781966
14718.56039471237
14892.377175198213
14849.14377560088
14584.115106712936
8542.701245058362
5211.642716468169
12990.93116606373
13582.898576068757
11221.647595172419
14304.63178644876
13643.473791726032
14746.245148225235
15739.421503730055
