1752684786.8945982 1752684788.4058259 36001
1752684786.8977056 1752684788.8909893 36001
1752684786.9029899 1752684788.9824758 36001
1752684786.8847113 1752684789.3309429 36001
1752684787.0266047 1752684789.6114986 36001
1752684786.9388711 1752684789.7814097 36001
1752684786.9988303 1752684790.198321 36001
1752684786.971143 1752684790.293751 36001
1752684786.9498212 1752684790.3678699 36001
1752684786.9617991 1752684790.6597152 36001
1752684787.016873 1752684790.7467184 36001
1752684786.9739988 1752684790.8144944 36001
1752684786.9783216 1752684790.9071636 36001
1752684787.020035 1752684791.104522 36001
1752684787.0077722 1752684791.4886901 36001
1752684787.036834 1752684792.1040833 36001
1752684787.0419486 1752684792.321098 36001
1752684787.0787919 1752684793.0008066 36001
1752684787.0397806 1752684793.0839858 36001
1752684787.109633 1752684793.2137191 36001
1752684787.056209 1752684793.5585604 36001
1752684787.0474715 1752684793.6446853 36001
1752684787.058856 1752684793.9163895 36001
1752684787.0808923 1752684794.0470655 36001
1752684787.1710298 1752684794.1302803 36001
1752684790.4358726 1752684794.352635 36001
1752684787.2548168 1752684794.4844475 36001
1752684787.07191 1752684794.6320941 36001
1752684790.9703634 1752684794.9085863 36001
1752684790.2733097 1752684795.0881793 36001
1752684787.26489 1752684795.6583061 36001
1752684787.2859418 1752684795.7992218 36001
1752684787.2822776 1752684796.690427 36001
1752684787.304824 1752684797.3887944 36001
1752684787.302899 1752684797.7448485 36001
1752684787.3574007 1752684798.103141 36001
1752684787.3218827 1752684798.6094372 36001
1752684787.318861 1752684798.6740909 36001
1752684787.367841 1752684798.7985423 36001
1752684787.3843408 1752684799.0642908 36001
1752684787.3983366 1752684799.1401138 36001
1752684787.364841 1752684799.2540867 36001
1752684793.9854336 1752684799.4721317 36001
1752684787.3278093 1752684799.5964499 36001
1752684787.4558089 1752684799.7402234 36001
1752684787.4330993 1752684800.0263457 36001
1752684787.4490023 1752684800.280805 36001
1752684787.453762 1752684800.7051382 36001
1752684789.05824 1752684801.4221058 36001
1752684787.55842 1752684801.6923177 36001
1752684789.6965883 1752684802.0920653 36001
1752684787.5711274 1752684802.1839879 36001
1752684788.4966218 1752684802.2497168 36001
1752684787.1139698 1752684802.5535522 36001
1752684789.4145014 1752684802.775208 36001
1752684789.8589826 1752684802.8792844 36001
1752684788.9730613 1752684802.9608548 36001
1752684790.7337537 1752684803.066073 36001
1752684787.1544302 1752684803.580447 36001
1752684799.2113724 1752684803.6584814 36001
1752684790.8983982 1752684803.943065 36001
1752684790.8921049 1752684804.0979502 36001
1752684787.2429023 1752684804.8770697 36001
1752684791.1721957 1752684805.09688 36001
1752684793.1660287 1752684805.68325 36001
1752684793.0706918 1752684805.7548542 36001
1752684792.1785107 1752684805.9871833 36001
1752684794.11904 1752684806.2054942 36001
1752684793.6299708 1752684806.284835 36001
1752684791.5644493 1752684806.4914904 36001
1752684793.28655 1752684806.611227 36001
1752684792.389088 1752684806.8692384 36001
1752684787.3462625 1752684806.9403381 36001
1752684794.199001 1752684807.139263 36000
1752684793.7132034 1752684807.2746894 36001
1752684794.4197137 1752684807.7048333 36001
1752684794.555403 1752684807.9926076 36001
1752684794.71632 1752684808.5672145 36001
1752684805.8330035 1752684809.058373 36001
1752684797.8780646 1752684809.1449144 36001
1752684795.1653569 1752684809.3740447 36001
1752684794.9802089 1752684809.5055656 36001
1752684796.8251884 1752684809.6940355 36001
1752684795.731399 1752684809.9084325 36001
1752684798.751039 1752684810.2557292 36001
1752684799.1340394 1752684810.3604784 36001
1752684797.5244815 1752684810.560131 36001
1752684806.559575 1752684810.8208013 36001
1752684798.756302 1752684810.898622 36001
1752684798.864339 1752684811.3565414 36001
1752684790.3672192 1752684811.650618 36001
1752684799.3274183 1752684812.0412471 36001
1752684809.1367576 1752684812.5183105 36000
1752684799.5372384 1752684812.670225 36001
1752684809.4616368 1752684812.8949301 36001
1752684800.7728918 1752684813.1537519 36001
1752684799.8154812 1752684813.233765 36001
1752684799.6630895 1752684813.4430568 36001
1752684802.3320174 1752684813.9432178 36001
1752684801.5083327 1752684814.2441843 36001
1752684801.7626758 1752684814.608856 36001
1752684802.1680865 1752684814.694243 36001
1752684802.6330738 1752684814.7603445 36001
1752684802.8617253 1752684814.9834862 36001
1752684802.3261774 1752684815.3391132 36001
1752684802.9601755 1752684815.5990877 36001
1752684803.043576 1752684815.9932036 36001
1752684804.1639361 1752684816.4732437 36001
1752684804.0206218 1752684816.5530128 36001
1752684803.727106 1752684816.7800858 36001
1752684803.6500864 1752684817.0134723 36001
1752684803.1800199 1752684817.095494 36001
1752684804.9431229 1752684817.3140478 36001
1752684805.177109 1752684817.4583442 36001
1752684806.0571327 1752684817.700341 36001
1752684806.2761326 1752684818.031115 36001
1752684805.8389072 1752684818.3360198 36000
1752684795.9010694 1752684818.4124188 36001
1752684806.35726 1752684818.5809264 36001
1752684798.238202 1752684818.9721658 36001
1752684806.6767466 1752684819.2721488 36001
1752684806.9382005 1752684819.450234 36001
1752684807.209453 1752684819.9761467 36001
1752684807.782181 1752684820.1444964 36001
1752684807.010349 1752684820.561063 36001
1752684800.1030931 1752684820.638627 36001
1752684807.343794 1752684820.9491096 36001
1752684808.0627751 1752684821.019774 36001
1752684808.6386795 1752684821.1781309 36001
1752684809.2170253 1752684821.4485674 36001
1752684809.571358 1752684821.6834466 36001
1752684800.3477383 1752684821.8086267 36001
1752684809.9743354 1752684822.0791051 36001
1752684810.3492758 1752684822.234824 36001
1752684809.762622 1752684822.5554144 36001
1752684810.6440332 1752684822.9654496 36001
1752684810.4364982 1752684823.1840653 36001
1752684810.8925867 1752684823.6000855 36000
1752684811.72111 1752684823.9641666 36001
1752684811.427695 1752684824.0439317 36001
1752684810.974305 1752684824.168267 36001
1752684812.1251395 1752684824.4597943 36001
1752684812.5839715 1752684824.521538 36001
1752684812.9369721 1752684824.658033 36001
1752684813.3071203 1752684825.1329181 36001
1752684812.7369509 1752684825.229867 36001
1752684813.5440583 1752684825.6515546 36001
1752684814.0123305 1752684825.7334375 36001
1752684813.2324448 1752684826.0861983 36001
1752684814.3130627 1752684826.1875868 36001
1752684814.6822996 1752684826.5858269 36001
1752684814.8417692 1752684827.1261685 36001
1752684816.0700514 1752684827.8653288 36001
1752684815.0651066 1752684828.0290966 36001
1752684816.6204689 1752684828.241191 36001
1752684824.1094823 1752684828.3519602 36001
1752684814.83446 1752684828.564365 36001
1752684816.5443583 1752684828.677775 36001
1752684816.8471885 1752684828.7920856 36001
1752684815.408327 1752684828.935102 36001
1752684817.0870366 1752684829.073115 36001
1752684817.165667 1752684829.607814 36001
1752684817.5277667 1752684829.7724674 36001
1752684817.3821526 1752684829.987376 36000
1752684817.8015366 1752684830.1338818 36001
1752684818.4041653 1752684830.5201554 36001
1752684818.111207 1752684830.8549585 36001
1752684819.0389068 1752684831.3668926 36001
1752684820.0453188 1752684831.4493778 36001
1752684818.6591961 1752684831.572114 36001
1752684818.4851823 1752684831.9390824 36001
1752684820.2188826 1752684832.2052705 36001
1752684820.6299984 1752684832.5278144 36001
1752684820.7044094 1752684832.6088414 36001
1752684819.5177186 1752684832.8861334 36001
1752684819.3564684 1752684833.0136135 36001
1752684821.2544222 1752684833.0863736 36001
1752684821.0946238 1752684833.370501 36001
1752684821.0082679 1752684833.825891 36001
1752684821.5186954 1752684833.9037254 36001
1752684821.7508917 1752684834.222752 36001
1752684822.6236343 1752684834.516975 36001
1752684822.3074515 1752684834.9062817 36001
1752684821.8772516 1752684835.048106 36001
1752684822.1585786 1752684835.3570733 36001
1752684823.2551885 1752684835.4429076 36001
1752684823.0310235 1752684835.7130847 36001
1752684832.6793568 1752684835.9760106 36000
1752684823.6749241 1752684836.1372535 36001
1752684824.2473423 1752684836.5555742 36001
1752684824.0357313 1752684836.6429276 36001
1752684815.665608 1752684836.7574964 36001
1752684825.2222083 1752684837.0451128 36001
1752684824.5782623 1752684837.1803348 36001
1752684825.305163 1752684837.52999 36001
1752684824.7269962 1752684837.9309201 36001
1752684825.727605 1752684838.2759075 36001
1752684826.1774654 1752684838.577847 36001
1752684826.6654384 1752684838.7878096 36001
1752684825.8086193 1752684838.9241993 36001
1752684826.261142 1752684839.0721765 36001
1752684827.194483 1752684839.6001122 36001
1752684828.1398706 1752684839.6817992 36001
1752684827.9531457 1752684839.920531 36001
1752684836.7150674 1752684840.0771103 36001
1752684828.3449633 1752684840.3831463 36001
1752684828.4222395 1752684840.821479 36001
1752684828.744863 1752684841.1471417 36001
1752684828.8584437 1752684841.4354203 36001
1752684829.1402702 1752684841.840152 36001
1752684829.8406594 1752684841.945229 36001
1752684830.5905604 1752684842.08113 36001
1752684829.00388 1752684842.2953153 36001
1752684830.0604665 1752684842.645877 36001
1752684829.6751788 1752684842.7990196 36001
1752684830.2103817 1752684843.1029828 36001
1752684831.5175855 1752684843.3808675 36001
1752684831.6401792 1752684843.509067 36001
1752684831.44142 1752684843.6371388 36001
1752684830.9301171 1752684843.882102 36001
1752684824.5147636 1752684844.2500882 36001
1752684832.0043173 1752684844.4947183 36001
1752684832.2740762 1752684844.9080782 36001
1752684833.0840435 1752684845.5418994 36001
1752684842.1600955 1752684845.6193984 36001
1752684832.5995538 1752684845.7870908 36001
1752684832.957325 1752684845.9933655 36001
1752684833.9913118 1752684846.1520967 36001
1752684834.2920153 1752684846.2954655 36001
1752684833.156365 1752684846.5827906 36001
1752684834.0026243 1752684846.662334 36001
1752684835.1258965 1752684846.9120486 36001
1752684834.5881114 1752684847.1764643 36001
1752684835.4343512 1752684847.452126 36001
1752684834.9774635 1752684847.6415405 36001
1752684835.5116239 1752684847.8618925 36001
1752684836.0467296 1752684848.1770868 36000
1752684828.63414 1752684848.7461329 36001
1752684836.2111368 1752684848.968059 36001
1752684835.7833042 1752684849.1370842 36001
1752684836.633529 1752684849.4375038 36001
1752684837.1178625 1752684849.7471611 36001
1752684846.2247517 1752684849.8205576 36001
1752684838.0069063 1752684850.1034653 36001
1752684836.8250344 1752684850.186485 36001
1752684837.6568635 1752684850.3131075 36001
1752684838.3504167 1752684850.47177 36001
1752684838.9952204 1752684850.814156 36001
1752684838.6509154 1752684851.156395 36001
1752684838.8679454 1752684851.2350278 36001
1752684847.7124405 1752684851.3280163 36001
1752684839.6739318 1752684851.4247506 36001
1752684840.1536133 1752684852.335996 36001
1752684841.223197 1752684852.7411973 36001
1752684840.8930454 1752684852.928426 36001
1752684839.9883263 1752684853.0520792 36001
1752684839.7571242 1752684853.1336248 36000
1752684840.4551027 1752684853.4490733 36001
1752684841.512451 1752684853.762938 36001
1752684842.3683665 1752684854.1101034 36001
1752684841.938697 1752684854.1888833 36001
1752684842.7427163 1752684854.4721115 36001
1752684842.877707 1752684854.5627847 36001
1752684843.1912642 1752684854.852288 36001
1752684833.4396772 1752684855.0101593 36001
1752684850.1784034 1752684855.076966 36001
1752684843.4489965 1752684855.2372859 36001
1752684843.5735493 1752684855.793698 36001
1752684843.709168 1752684856.2721875 36001
1752684844.3199494 1752684856.5872743 36001
1752684843.9542842 1752684856.716436 36001
1752684844.5693517 1752684856.9735687 36001
1752684844.9740286 1752684857.2915804 36001
1752684845.7063813 1752684857.7572227 36001
1752684845.6124098 1752684857.9211414 36001
1752684846.363824 1752684858.290147 36001
1752684846.0625405 1752684858.3658855 36001
1752684845.8543868 1752684858.5534816 36001
1752684837.2493744 1752684858.6325505 36001
1752684846.7353122 1752684858.7400916 36001
1752684846.982044 1752684858.955723 36001
1752684846.6544929 1752684859.1928358 36001
1752684847.2435858 1752684859.4989345 36001
1752684839.1488945 1752684859.8707838 36001
1752684856.6588285 1752684860.485788 36001
1752684848.2563062 1752684860.5715356 36001
1752684847.5328486 1752684860.6736119 36001
1752684842.0287733 1752684860.981149 36001
1752684848.8131194 1752684861.1963902 36001
1752684849.8192344 1752684861.5204246 36001
1752684849.5053844 1752684861.979969 36001
1752684849.0357373 1752684862.1787 36001
1752684849.2068858 1752684862.240123 36001
1752684850.3803356 1752684862.4384003 36001
1752684850.8815928 1752684862.6649978 36001
1752684850.2586207 1752684862.7615755 36001
1752684858.4327621 1752684862.9790835 36001
1752684851.2322514 1752684863.248061 36001
1752684850.5385249 1752684863.4790797 36001
1752684851.5064769 1752684864.1493711 36001
1752684851.3218548 1752684864.3377583 36001
1752684851.415903 1752684864.418137 36001
1752684852.8115609 1752684864.5439842 36001
1752684852.4066203 1752684864.9140563 36001
1752684852.9974835 1752684864.9975038 36001
1752684853.2076783 1752684865.4834337 36001
1752684853.12571 1752684865.6037605 36001
1752684853.515611 1752684865.690858 36001
1752684854.5551646 1752684866.2521467 36001
1752684854.2555592 1752684866.4017842 36001
1752684854.1820223 1752684867.0317786 36001
1752684853.8315904 1752684867.467971 36001
1752684854.6301887 1752684867.87344 36001
1752684863.31739 1752684868.130762 36001
1752684855.8634076 1752684869.1903946 36001
1752684855.151455 1752684869.3360558 36001
1752684855.0692983 1752684869.5365531 36001
1752684864.2149558 1752684869.9844313 36001
1752684847.9362035 1752684870.4835856 36001
1752684856.7859547 1752684870.5635483 36001
1752684856.3405898 1752684870.670475 36001
1752684865.5504756 1752684871.0690455 36001
1752684857.0344214 1752684871.4001598 36001
1752684857.8352795 1752684871.4662907 36001
1752684858.0292234 1752684871.6202216 36001
1752684849.8944573 1752684872.1811213 36001
1752684858.7001278 1752684872.4545336 36001
1752684858.3612041 1752684872.669996 36001
1752684858.6276712 1752684872.7579732 36000
1752684859.000497 1752684872.9595485 36001
1752684858.8120806 1752684873.2099223 36001
1752684859.9304867 1752684873.5181155 36001
1752684859.2588575 1752684873.8123071 36001
1752684860.5603104 1752684873.9722304 36001
1752684870.6319518 1752684874.325013 36001
1752684859.5673108 1752684874.3917332 36001
1752684861.5872989 1752684874.6282125 36001
1752684861.2684262 1752684874.8930964 36001
1752684860.743499 1752684875.197409 36001
1752684861.049422 1752684875.281758 36001
1752684862.0455117 1752684875.6013377 36001
1752684862.5034392 1752684875.8790784 36001
1752684862.3192291 1752684876.1861014 36001
1752684862.7519755 1752684876.3999016 36001
1752684872.5232859 1752684876.642073 36001
1752684862.833431 1752684876.8126142 36001
1752684854.9221406 1752684877.2151432 36001
1752684863.0458634 1752684877.458321 36001
1752684855.3149521 1752684877.6033688 36001
1752684864.4858346 1752684877.799097 36001
1752684865.0777745 1752684878.0762093 36000
1752684863.5472736 1752684878.2200677 36001
1752684864.4071903 1752684878.3012338 36001
1752684864.9908702 1752684878.6994312 36001
1752684864.611674 1752684879.023828 36001
1752684865.6817613 1752684879.6649919 36001
1752684857.3626978 1752684879.8603623 36001
1752684865.768493 1752684879.938066 36001
1752684867.5964358 1752684880.233094 36001
1752684867.1611495 1752684880.567801 36001
1752684866.3887937 1752684880.6481297 36001
1752684868.0028296 1752684880.892213 36001
1752684866.531001 1752684881.0140634 36001
1752684877.7016923 1752684881.2847655 36001
1752684868.2618053 1752684881.8040395 36001
1752684869.463249 1752684881.929614 36001
1752684870.5554614 1752684882.2154026 36001
1752684870.1191006 1752684882.293629 36001
1752684869.666687 1752684882.5029862 36001
1752684860.6734514 1752684882.9994652 36001
1752684871.540503 1752684883.2159984 36001
1752684870.7380219 1752684883.3841987 36001
1752684871.1438417 1752684883.530082 36001
1752684871.5461974 1752684883.7633815 36001
1752684872.2605748 1752684884.1635063 36001
1752684862.313513 1752684884.340756 36001
1752684872.8304245 1752684884.601206 36001
1752684871.6906807 1752684884.83536 36000
1752684880.9586632 1752684885.1270308 36001
1752684873.0274756 1752684885.6203337 36001
1752684873.8795156 1752684885.706381 36001
1752684873.595945 1752684885.7854497 36001
1752684882.3651447 1752684886.0311124 36001
1752684873.283036 1752684886.3240693 36001
1752684874.475736 1752684886.5661886 36001
1752684874.4699473 1752684886.7507339 36001
1752684875.2728784 1752684887.1243455 36001
1752684874.9584846 1752684887.304296 36001
1752684874.6955988 1752684887.5509217 36001
1752684884.233394 1752684887.8365061 36001
1752684875.3591518 1752684888.0664587 36001
1752684876.2544038 1752684888.4164512 36001
1752684876.711145 1752684888.6370096 36001
1752684876.4666314 1752684888.931006 36001
1752684875.9674222 1752684889.0158734 36001
1752684877.304571 1752684889.4370604 36001
1752684886.6362529 1752684889.8202388 36001
1752684876.8812542 1752684889.9042919 36000
1752684877.525485 1752684890.216386 36001
1752684869.326748 1752684890.2992864 36001
1752684878.7929084 1752684890.6500435 36001
1752684878.3706298 1752684890.8131847 36001
1752684886.4077082 1752684891.072792 36001
1752684878.2931633 1752684891.2574992 36001
1752684879.0939596 1752684891.48899 36001
1752684879.7390234 1752684892.145636 36001
1752684872.7574463 1752684892.2245038 36001
1752684880.006851 1752684892.548226 36001
1752684880.7148838 1752684892.9226024 36001
1752684880.638682 1752684893.015702 36001
1752684880.3236163 1752684893.0903037 36001
1752684879.9314215 1752684893.1557763 36001
1752684881.084599 1752684893.4431396 36001
1752684881.884303 1752684893.9749975 36001
1752684881.368072 1752684894.1140244 36001
1752684882.2853653 1752684894.2025206 36001
1752684882.5717747 1752684894.7192597 36001
1752684883.0726056 1752684894.8033707 36001
1752684874.0661402 1752684895.0091302 36001
1752684883.311567 1752684895.1492136 36001
1752684884.9029875 1752684895.9843516 36001
1752684875.6749096 1752684896.273207 36001
1752684883.5965207 1752684896.4110553 36001
1752684884.4386978 1752684896.477505 36001
1752684883.8303332 1752684896.6787438 36001
1752684883.4502585 1752684896.749476 36001
1752684884.6699927 1752684896.998534 36001
1752684885.194135 1752684897.1460762 36001
1752684885.8823056 1752684897.2267747 36001
1752684885.7836885 1752684897.476369 36001
1752684895.0819912 1752684898.0412183 36001
1752684885.6993766 1752684898.194399 36001
1752684878.157835 1752684898.6534379 36001
1752684886.1022258 1752684899.000263 36001
1752684877.8683822 1752684899.0838459 36001
1752684887.3753502 1752684899.4992232 36001
1752684887.6393108 1752684899.7113826 36001
1752684888.1396835 1752684899.8262837 36001
1752684888.499171 1752684900.1113586 36001
1752684889.505444 1752684900.2323923 36001
1752684887.906466 1752684900.3651342 36001
1752684889.088545 1752684900.6745348 36001
1752684887.193727 1752684900.7559886 36001
1752684889.8977625 1752684901.3245397 36001
1752684889.0055575 1752684901.4344332 36001
1752684889.9771473 1752684901.8882327 36001
1752684898.1103008 1752684902.4422855 36001
1752684890.8995466 1752684902.8432558 36001
1752684890.7178674 1752684903.459262 36001
1752684890.3686538 1752684904.0853252 36001
1752684891.55752 1752684904.3604925 36001
1752684891.1441398 1752684904.8204844 36001
1752684892.9949183 1752684905.0950425 36001
1752684892.6243665 1752684905.4451432 36001
1752684899.7844532 1752684905.9089828 36001
1752684893.0882833 1752684906.1601758 36001
1752684891.3364844 1752684906.5294065 36001
1752684892.216275 1752684906.6487627 36001
1752684893.2322521 1752684907.0564897 36001
1752684894.0425723 1752684907.3772202 36001
1752684893.2382362 1752684907.5937784 36001
1752684894.1933901 1752684907.7861104 36001
1752684893.5460248 1752684908.0431833 36001
1752684894.2900875 1752684908.3435948 36001
1752684894.79291 1752684908.5732734 36001
1752684886.8212488 1752684909.3491302 36001
1752684895.2256172 1752684909.6060064 36001
1752684894.88137 1752684909.737784 36001
1752684896.340396 1752684910.0444264 36001
1752684896.0679843 1752684910.2899241 36001
1752684897.0913575 1752684910.4991086 36001
1752684896.8176036 1752684910.57557 36001
1752684896.5547485 1752684910.7833116 36001
1752684898.2653208 1752684911.3101304 36001
1752684890.294194 1752684911.3762012 36001
1752684897.294517 1752684911.566831 36001
1752684898.7420785 1752684911.7261174 36001
1752684897.5490468 1752684911.948356 36001
1752684899.1594737 1752684912.1120934 36001
1752684899.9058247 1752684912.531456 36001
1752684899.5692298 1752684912.8091755 36001
1752684900.2210758 1752684913.1335945 36001
1752684892.2944982 1752684913.7110307 36001
1752684902.052114 1752684913.8766139 36001
1752684900.826946 1752684913.9553492 36001
1752684904.2192092 1752684914.228294 36001
1752684900.3124135 1752684914.4554968 36001
1752684906.7635632 1752684914.8519099 36001
1752684902.96843 1752684914.9390175 36001
1752684906.281454 1752684915.1333282 36001
1752684905.224852 1752684915.218619 36001
1752684908.4353807 1752684915.5651176 36001
1752684908.1352384 1752684915.646235 36000
1752684908.700291 1752684915.9499454 36001
1752684909.6748443 1752684916.0197616 36001
1752684909.8074634 1752684916.3096175 36001
1752684911.446771 1752684916.377124 36001
1752684910.6460674 1752684916.572031 36001
1752684910.1239846 1752684916.6418548 36001
1752684910.5672085 1752684916.724151 36001
